S,1,2,0,1,1,1,1,1,2,1,3,0,1,-1,-1,1,-23,0,200,400,500,1000,0,0,1,3,4,5,0,200,400,500,1000,0,0,0,1,3,5,0,200,400,500,1000,0,0,1,3,4,5,0,200,400,500,1000,0,0,1,3,4,5,0,200,400,500,1000,3,3,4,4,4,5,0,200,400,500,1000,1,2,2,3,3,5,-1,0,5000,0,-1,5000,5000,0,-1
THC,0,0,0,-2,-7,0,0,0,-2,-7
FMG,0,0,0,0,0,0,0,0,0,0
AF,1,6,7,2,3,5,8,9,9,-14,-15,-17,-13,-12,-15,-17,-19,10,10,10,20,20,20,20,20,150,150,150,150,150,150,150,150,0,8,3,1,4,-3,10,150,0
AFH,1,120,0
AFA,1,1,280,320,5,1,710,300,-10,1,1000,200,-3,1,1600,800,5,1,2300,600,4,1,3800,1200,-12,1,5600,2200,5,1,7500,2000,5,1,8000,5000,1,1,10500,2000,-7
AL,1,4,5,5,2,2,3,3,2,3,3,3,3,-14,-13,-15,-18,-13,-11,-11,-12,-9,-10,-13,-15,10,10,10,10,10,20,20,20,20,20,20,20,150,150,150,150,150,150,150,150,150,150,150,150,8,0,1,2,-2,10,150,0,-17,230,230,120,120,2,0,4,0,2,0,4,0,-10,-20,25,150,-1,300
ALH,1,120,0
ALA,1,1,280,320,3,1,710,300,-9,1,1000,200,-3,1,1600,800,3,1,2300,600,3,1,3800,1200,-10,1,5600,2200,3,1,7500,2000,4,1,10500,2000,-10,0,1000,200,-1
AHA,1,90,0
AHB,1,90,0
AHC,1,100,0
AHD,1,110,0
AHE,1,120,0

AMA,0,1,7,8,6,3,4,4,3,5,6,6,6,6,-14,-11,-13,-16,-12,-10,-11,-12,-9,-10,-13,-15,10,10,10,10,10,20,20,20,20,20,20,20,150,150,150,150,150,150,150,150,150,150,150,150,7,0,1,2,-2,10,150,0,230,230,120,120,2,0,4,0,2,0,4,0,-10,-20,25,150,-1,300
AMB,1,1,7,8,6,3,4,4,3,5,6,6,6,6,-14,-11,-13,-16,-12,-10,-11,-12,-9,-10,-13,-15,10,10,10,10,10,20,20,20,20,20,20,20,150,150,150,150,150,150,150,150,150,150,150,150,7,0,1,2,-2,10,150,0,230,230,120,120,2,0,4,0,2,0,4,0,-10,-20,25,150,-1,300
AMC,2,1,6,7,5,2,3,4,3,4,5,5,5,5,-14,-11,-13,-16,-12,-10,-11,-12,-9,-10,-13,-15,10,10,10,10,10,20,20,20,20,20,20,20,150,150,150,150,150,150,150,150,150,150,150,150,8,0,1,2,-2,10,150,0,230,230,120,120,2,0,4,0,2,0,4,0,-10,-20,25,150,-1,300
AMD,3,1,5,6,5,2,3,3,3,3,4,4,4,4,-14,-11,-13,-16,-12,-10,-11,-12,-9,-10,-13,-15,10,10,10,10,10,20,20,20,20,20,20,20,150,150,150,150,150,150,150,150,150,150,150,150,8,0,1,2,-2,10,150,0,230,230,120,120,2,0,4,0,2,0,4,0,-10,-20,25,150,-1,300
AME,4,1,4,5,5,2,2,3,3,2,3,3,3,3,-14,-11,-13,-16,-12,-10,-11,-12,-9,-10,-13,-15,10,10,10,10,10,20,20,20,20,20,20,20,150,150,150,150,150,150,150,150,150,150,150,150,8,0,1,2,-2,10,150,0,230,230,120,120,2,0,4,0,2,0,4,0,-10,-20,25,150,-1,300

APA,0,1,7,8,6,3,4,4,3,5,6,6,6,6,-15,-14,-17,-20,-15,-12,-12,-12,-9,-10,-13,-15,10,10,10,10,10,20,20,20,20,20,20,20,150,150,150,150,150,150,150,150,150,150,150,150,7,0,1,2,-2,10,150,0,230,230,120,120,2,0,4,0,2,0,4,0,-10,-20,25,150,-1,300
APB,1,1,7,8,6,3,4,4,3,5,6,6,6,6,-15,-14,-17,-20,-15,-12,-12,-12,-9,-10,-13,-15,10,10,10,10,10,20,20,20,20,20,20,20,150,150,150,150,150,150,150,150,150,150,150,150,7,0,1,2,-2,10,150,0,230,230,120,120,2,0,4,0,2,0,4,0,-10,-20,25,150,-1,300
APC,2,1,6,7,5,2,3,4,3,4,5,5,5,5,-15,-14,-17,-20,-15,-12,-12,-12,-9,-10,-13,-15,10,10,10,10,10,20,20,20,20,20,20,20,150,150,150,150,150,150,150,150,150,150,150,150,8,0,1,2,-2,10,150,0,230,230,120,120,2,0,4,0,2,0,4,0,-10,-20,25,150,-1,300
APD,3,1,5,6,5,2,3,3,3,3,4,4,4,4,-15,-14,-17,-20,-15,-12,-12,-12,-9,-10,-13,-15,10,10,10,10,10,20,20,20,20,20,20,20,150,150,150,150,150,150,150,150,150,150,150,150,8,0,1,2,-2,10,150,0,230,230,120,120,2,0,4,0,2,0,4,0,-10,-20,25,150,-1,300
APE,4,1,4,5,5,2,2,3,3,2,3,3,3,3,-15,-14,-17,-20,-15,-12,-12,-12,-9,-10,-13,-15,10,10,10,10,10,20,20,20,20,20,20,20,150,150,150,150,150,150,150,150,150,150,150,150,8,0,1,2,-3,10,150,0,230,230,120,120,2,0,4,0,2,0,4,0,-10,-20,25,150,-1,300

AVA,0,1,4,6,6,5,8,8,7,5,5,4,4,3,-14,-11,-13,-16,-12,-10,-11,-12,-9,-10,-13,-15,10,10,10,10,10,20,20,20,20,20,20,20,150,150,150,150,150,150,150,150,150,150,150,150,8,0,1,3,-2,10,150,0,230,230,120,120,2,0,4,0,2,0,4,0,-10,-20,25,150,-1,300
AVB,1,1,4,6,6,5,8,8,7,5,5,4,4,3,-14,-11,-13,-16,-12,-10,-11,-12,-9,-10,-13,-15,10,10,10,10,10,20,20,20,20,20,20,20,150,150,150,150,150,150,150,150,150,150,150,150,8,0,1,3,-2,10,150,0,230,230,120,120,2,0,4,0,2,0,4,0,-10,-20,25,150,-1,300
AVC,2,1,3,5,5,4,7,8,7,4,4,3,3,2,-14,-11,-13,-16,-12,-10,-11,-12,-9,-10,-13,-15,10,10,10,10,10,20,20,20,20,20,20,20,150,150,150,150,150,150,150,150,150,150,150,150,9,0,1,3,-2,10,150,0,230,230,120,120,2,0,4,0,2,0,4,0,-10,-20,25,150,-1,300
AVD,3,1,2,4,5,4,7,7,7,3,3,2,2,1,-14,-11,-13,-16,-12,-10,-11,-12,-9,-10,-13,-15,10,10,10,10,10,20,20,20,20,20,20,20,150,150,150,150,150,150,150,150,150,150,150,150,9,0,1,3,-2,10,150,0,230,230,120,120,2,0,4,0,2,0,4,0,-10,-20,25,150,-1,300
AVE,4,1,1,3,5,4,6,7,7,2,2,1,1,0,-14,-11,-13,-16,-12,-10,-11,-12,-9,-10,-13,-15,10,10,10,10,10,20,20,20,20,20,20,20,150,150,150,150,150,150,150,150,150,150,150,150,9,0,1,3,-2,10,150,0,230,230,120,120,2,0,4,0,2,0,4,0,-10,-20,25,150,-1,300

AKA,0,1,5,6,5,5,8,8,7,7,7,5,4,4,-14,-11,-13,-16,-12,-10,-11,-12,-9,-10,-13,-15,10,10,10,10,10,20,20,20,20,20,20,20,150,150,150,150,150,150,150,150,150,150,150,150,8,0,1,3,-2,10,150,0,230,230,120,120,2,0,4,0,2,0,4,0,-10,-20,25,150,-1,300
AKB,1,1,5,6,5,5,8,8,7,7,7,5,4,4,-14,-11,-13,-16,-12,-10,-11,-12,-9,-10,-13,-15,10,10,10,10,10,20,20,20,20,20,20,20,150,150,150,150,150,150,150,150,150,150,150,150,8,0,1,3,-2,10,150,0,230,230,120,120,2,0,4,0,2,0,4,0,-10,-20,25,150,-1,300
AKC,2,1,4,5,4,4,7,8,7,6,6,4,3,3,-14,-11,-13,-16,-12,-10,-11,-12,-9,-10,-13,-15,10,10,10,10,10,20,20,20,20,20,20,20,150,150,150,150,150,150,150,150,150,150,150,150,9,0,1,3,-2,10,150,0,230,230,120,120,2,0,4,0,2,0,4,0,-10,-20,25,150,-1,300
AKD,3,1,3,4,4,4,7,7,7,5,5,3,2,2,-14,-11,-13,-16,-12,-10,-11,-12,-9,-10,-13,-15,10,10,10,10,10,20,20,20,20,20,20,20,150,150,150,150,150,150,150,150,150,150,150,150,9,0,1,3,-2,10,150,0,230,230,120,120,2,0,4,0,2,0,4,0,-10,-20,25,150,-1,300
AKE,4,1,2,3,4,4,6,7,7,4,4,2,1,1,-14,-11,-13,-16,-12,-10,-11,-12,-9,-10,-13,-15,10,10,10,10,10,20,20,20,20,20,20,20,150,150,150,150,150,150,150,150,150,150,150,150,9,0,1,3,-2,10,150,0,230,230,120,120,2,0,4,0,2,0,4,0,-10,-20,25,150,-1,300

AAA,1,1,280,320,5,1,710,300,-11,1,1000,200,-5,1,1600,800,3,1,2300,600,3,1,3700,1200,-13,1,5600,2200,6,1,7500,2000,7,1,8000,5000,2,1,10500,2000,-7
AAB,1,1,280,320,5,1,710,300,-11,1,1000,200,-5,1,1600,800,3,1,2300,600,3,1,3700,1200,-13,1,5600,2200,6,1,7500,2000,7,1,8000,5000,2,1,10500,2000,-7
AAC,1,1,280,320,4,1,710,300,-10,1,1000,200,-4,1,1600,800,3,1,2300,600,3,1,3800,1200,-12,1,5600,2200,5,1,7500,2000,6,1,8000,5000,1,1,10500,2000,-8
AAD,1,1,280,320,4,1,710,300,-10,1,1000,200,-4,1,1600,800,3,1,2300,600,3,1,3800,1200,-11,1,5600,2200,4,1,7500,2000,5,1,8000,5000,1,1,10500,2000,-9
AAE,1,1,280,320,3,1,710,300,-10,1,1000,200,-4,1,1600,800,3,1,2300,600,3,1,3800,1200,-10,1,5600,2200,3,1,7500,2000,4,1,8000,5000,0,1,10500,2000,-10

ABA,1,1,280,320,5,1,710,300,-11,1,1000,200,-5,1,1600,800,3,1,2300,600,3,1,3700,1200,-13,1,5600,2200,6,1,7500,2000,7,1,8000,5000,2,1,10500,2000,-7
ABB,1,1,280,320,5,1,710,300,-11,1,1000,200,-5,1,1600,800,3,1,2300,600,3,1,3700,1200,-13,1,5600,2200,6,1,7500,2000,7,1,8000,5000,2,1,10500,2000,-7
ABC,1,1,280,320,4,1,710,300,-10,1,1000,200,-4,1,1600,800,3,1,2300,600,3,1,3800,1200,-12,1,5600,2200,5,1,7500,2000,6,1,8000,5000,1,1,10500,2000,-8
ABD,1,1,280,320,4,1,710,300,-10,1,1000,200,-4,1,1600,800,3,1,2300,600,3,1,3800,1200,-11,1,5600,2200,4,1,7500,2000,5,1,8000,5000,1,1,10500,2000,-9
ABE,1,1,280,320,3,1,710,300,-10,1,1000,200,-4,1,1600,800,3,1,2300,600,3,1,3800,1200,-10,1,5600,2200,3,1,7500,2000,4,1,8000,5000,0,1,10500,2000,-10

ACA,1,1,280,320,5,1,710,300,-11,1,1000,200,-5,1,1600,800,3,1,2300,600,3,1,3700,1200,-13,1,5600,2200,6,1,7500,2000,7,1,8000,5000,2,1,10500,2000,-7
ACB,1,1,280,320,5,1,710,300,-11,1,1000,200,-5,1,1600,800,3,1,2300,600,3,1,3700,1200,-13,1,5600,2200,6,1,7500,2000,7,1,8000,5000,2,1,10500,2000,-7
ACC,1,1,280,320,4,1,710,300,-10,1,1000,200,-4,1,1600,800,3,1,2300,600,3,1,3800,1200,-12,1,5600,2200,5,1,7500,2000,6,1,8000,5000,1,1,10500,2000,-8
ACD,1,1,280,320,4,1,710,300,-10,1,1000,200,-4,1,1600,800,3,1,2300,600,3,1,3800,1200,-11,1,5600,2200,4,1,7500,2000,5,1,8000,5000,1,1,10500,2000,-9
ACE,1,1,280,320,3,1,710,300,-10,1,1000,200,-4,1,1600,800,3,1,2300,600,3,1,3800,1200,-10,1,5600,2200,3,1,7500,2000,4,1,8000,5000,0,1,10500,2000,-10

ADA,1,1,280,320,5,1,710,300,-11,1,1000,200,-5,1,1600,800,3,1,2300,600,3,1,3700,1200,-13,1,5600,2200,6,1,7500,2000,7,1,8000,5000,2,1,10500,2000,-7
ADB,1,1,280,320,5,1,710,300,-11,1,1000,200,-5,1,1600,800,3,1,2300,600,3,1,3700,1200,-13,1,5600,2200,6,1,7500,2000,7,1,8000,5000,2,1,10500,2000,-7
ADC,1,1,280,320,4,1,710,300,-10,1,1000,200,-4,1,1600,800,3,1,2300,600,3,1,3800,1200,-12,1,5600,2200,5,1,7500,2000,6,1,8000,5000,1,1,10500,2000,-8
ADD,1,1,280,320,4,1,710,300,-10,1,1000,200,-4,1,1600,800,3,1,2300,600,3,1,3800,1200,-11,1,5600,2200,4,1,7500,2000,5,1,8000,5000,1,1,10500,2000,-9
ADE,1,1,280,320,3,1,710,300,-10,1,1000,200,-4,1,1600,800,3,1,2300,600,3,1,3800,1200,-10,1,5600,2200,3,1,7500,2000,4,1,8000,5000,0,1,10500,2000,-10

BF,1,6,7,2,3,5,8,9,9,-14,-15,-17,-13,-12,-15,-17,-19,10,10,10,20,20,20,20,20,150,150,150,150,150,150,150,150,0,8,3,1,4,-3,10,150,0
BFH,1,120,0
BFA,1,1,280,320,5,1,710,300,-10,1,1000,200,-3,1,1600,800,5,1,2300,600,4,1,3800,1200,-12,1,5600,2200,5,1,7500,2000,5,1,8000,5000,1,1,10500,2000,-7
BL,1,4,5,5,2,2,3,3,2,3,3,3,3,-14,-13,-15,-18,-13,-11,-11,-12,-9,-10,-13,-15,10,10,10,10,10,20,20,20,20,20,20,20,150,150,150,150,150,150,150,150,150,150,150,150,8,0,1,2,-2,10,150,0,-17,230,230,120,120,2,0,4,0,2,0,4,0,-10,-20,25,150,-1,300
BLH,1,120,0
BLA,1,1,280,320,3,1,710,300,-9,1,1000,200,-3,1,1600,800,3,1,2300,600,3,1,3800,1200,-10,1,5600,2200,3,1,7500,2000,4,1,10500,2000,-10,0,1000,200,-1
BHA,1,90,0
BHB,1,90,0
BHC,1,100,0
BHD,1,110,0
BHE,1,120,0

BMA,0,1,7,8,6,3,4,4,3,5,6,6,6,6,-14,-11,-13,-16,-12,-10,-11,-12,-9,-10,-13,-15,10,10,10,10,10,20,20,20,20,20,20,20,150,150,150,150,150,150,150,150,150,150,150,150,7,0,1,2,-2,10,150,0,230,230,120,120,2,0,4,0,2,0,4,0,-10,-20,25,150,-1,300
BMB,1,1,7,8,6,3,4,4,3,5,6,6,6,6,-14,-11,-13,-16,-12,-10,-11,-12,-9,-10,-13,-15,10,10,10,10,10,20,20,20,20,20,20,20,150,150,150,150,150,150,150,150,150,150,150,150,7,0,1,2,-2,10,150,0,230,230,120,120,2,0,4,0,2,0,4,0,-10,-20,25,150,-1,300
BMC,2,1,6,7,5,2,3,4,3,4,5,5,5,5,-14,-11,-13,-16,-12,-10,-11,-12,-9,-10,-13,-15,10,10,10,10,10,20,20,20,20,20,20,20,150,150,150,150,150,150,150,150,150,150,150,150,8,0,1,2,-2,10,150,0,230,230,120,120,2,0,4,0,2,0,4,0,-10,-20,25,150,-1,300
BMD,3,1,5,6,5,2,3,3,3,3,4,4,4,4,-14,-11,-13,-16,-12,-10,-11,-12,-9,-10,-13,-15,10,10,10,10,10,20,20,20,20,20,20,20,150,150,150,150,150,150,150,150,150,150,150,150,8,0,1,2,-2,10,150,0,230,230,120,120,2,0,4,0,2,0,4,0,-10,-20,25,150,-1,300
BME,4,1,4,5,5,2,2,3,3,2,3,3,3,3,-14,-11,-13,-16,-12,-10,-11,-12,-9,-10,-13,-15,10,10,10,10,10,20,20,20,20,20,20,20,150,150,150,150,150,150,150,150,150,150,150,150,8,0,1,2,-2,10,150,0,230,230,120,120,2,0,4,0,2,0,4,0,-10,-20,25,150,-1,300

BPA,0,1,7,8,6,3,4,4,3,5,6,6,6,6,-15,-14,-17,-20,-15,-12,-12,-12,-9,-10,-13,-15,10,10,10,10,10,20,20,20,20,20,20,20,150,150,150,150,150,150,150,150,150,150,150,150,7,0,1,2,-2,10,150,0,230,230,120,120,2,0,4,0,2,0,4,0,-10,-20,25,150,-1,300
BPB,1,1,7,8,6,3,4,4,3,5,6,6,6,6,-15,-14,-17,-20,-15,-12,-12,-12,-9,-10,-13,-15,10,10,10,10,10,20,20,20,20,20,20,20,150,150,150,150,150,150,150,150,150,150,150,150,7,0,1,2,-2,10,150,0,230,230,120,120,2,0,4,0,2,0,4,0,-10,-20,25,150,-1,300
BPC,2,1,6,7,5,2,3,4,3,4,5,5,5,5,-15,-14,-17,-20,-15,-12,-12,-12,-9,-10,-13,-15,10,10,10,10,10,20,20,20,20,20,20,20,150,150,150,150,150,150,150,150,150,150,150,150,8,0,1,2,-2,10,150,0,230,230,120,120,2,0,4,0,2,0,4,0,-10,-20,25,150,-1,300
BPD,3,1,5,6,5,2,3,3,3,3,4,4,4,4,-15,-14,-17,-20,-15,-12,-12,-12,-9,-10,-13,-15,10,10,10,10,10,20,20,20,20,20,20,20,150,150,150,150,150,150,150,150,150,150,150,150,8,0,1,2,-2,10,150,0,230,230,120,120,2,0,4,0,2,0,4,0,-10,-20,25,150,-1,300
BPE,4,1,4,5,5,2,2,3,3,2,3,3,3,3,-15,-14,-17,-20,-15,-12,-12,-12,-9,-10,-13,-15,10,10,10,10,10,20,20,20,20,20,20,20,150,150,150,150,150,150,150,150,150,150,150,150,8,0,1,2,-3,10,150,0,230,230,120,120,2,0,4,0,2,0,4,0,-10,-20,25,150,-1,300

BVA,0,1,4,6,6,5,8,8,7,5,5,4,4,3,-14,-11,-13,-16,-12,-10,-11,-12,-9,-10,-13,-15,10,10,10,10,10,20,20,20,20,20,20,20,150,150,150,150,150,150,150,150,150,150,150,150,8,0,1,3,-2,10,150,0,230,230,120,120,2,0,4,0,2,0,4,0,-10,-20,25,150,-1,300
BVB,1,1,4,6,6,5,8,8,7,5,5,4,4,3,-14,-11,-13,-16,-12,-10,-11,-12,-9,-10,-13,-15,10,10,10,10,10,20,20,20,20,20,20,20,150,150,150,150,150,150,150,150,150,150,150,150,8,0,1,3,-2,10,150,0,230,230,120,120,2,0,4,0,2,0,4,0,-10,-20,25,150,-1,300
BVC,2,1,3,5,5,4,7,8,7,4,4,3,3,2,-14,-11,-13,-16,-12,-10,-11,-12,-9,-10,-13,-15,10,10,10,10,10,20,20,20,20,20,20,20,150,150,150,150,150,150,150,150,150,150,150,150,9,0,1,3,-2,10,150,0,230,230,120,120,2,0,4,0,2,0,4,0,-10,-20,25,150,-1,300
BVD,3,1,2,4,5,4,7,7,7,3,3,2,2,1,-14,-11,-13,-16,-12,-10,-11,-12,-9,-10,-13,-15,10,10,10,10,10,20,20,20,20,20,20,20,150,150,150,150,150,150,150,150,150,150,150,150,9,0,1,3,-2,10,150,0,230,230,120,120,2,0,4,0,2,0,4,0,-10,-20,25,150,-1,300
BVE,4,1,1,3,5,4,6,7,7,2,2,1,1,0,-14,-11,-13,-16,-12,-10,-11,-12,-9,-10,-13,-15,10,10,10,10,10,20,20,20,20,20,20,20,150,150,150,150,150,150,150,150,150,150,150,150,9,0,1,3,-2,10,150,0,230,230,120,120,2,0,4,0,2,0,4,0,-10,-20,25,150,-1,300

BKA,0,1,5,6,5,5,8,8,7,7,7,5,4,4,-14,-11,-13,-16,-12,-10,-11,-12,-9,-10,-13,-15,10,10,10,10,10,20,20,20,20,20,20,20,150,150,150,150,150,150,150,150,150,150,150,150,8,0,1,3,-2,10,150,0,230,230,120,120,2,0,4,0,2,0,4,0,-10,-20,25,150,-1,300
BKB,1,1,5,6,5,5,8,8,7,7,7,5,4,4,-14,-11,-13,-16,-12,-10,-11,-12,-9,-10,-13,-15,10,10,10,10,10,20,20,20,20,20,20,20,150,150,150,150,150,150,150,150,150,150,150,150,8,0,1,3,-2,10,150,0,230,230,120,120,2,0,4,0,2,0,4,0,-10,-20,25,150,-1,300
BKC,2,1,4,5,4,4,7,8,7,6,6,4,3,3,-14,-11,-13,-16,-12,-10,-11,-12,-9,-10,-13,-15,10,10,10,10,10,20,20,20,20,20,20,20,150,150,150,150,150,150,150,150,150,150,150,150,9,0,1,3,-2,10,150,0,230,230,120,120,2,0,4,0,2,0,4,0,-10,-20,25,150,-1,300
BKD,3,1,3,4,4,4,7,7,7,5,5,3,2,2,-14,-11,-13,-16,-12,-10,-11,-12,-9,-10,-13,-15,10,10,10,10,10,20,20,20,20,20,20,20,150,150,150,150,150,150,150,150,150,150,150,150,9,0,1,3,-2,10,150,0,230,230,120,120,2,0,4,0,2,0,4,0,-10,-20,25,150,-1,300
BKE,4,1,2,3,4,4,6,7,7,4,4,2,1,1,-14,-11,-13,-16,-12,-10,-11,-12,-9,-10,-13,-15,10,10,10,10,10,20,20,20,20,20,20,20,150,150,150,150,150,150,150,150,150,150,150,150,9,0,1,3,-2,10,150,0,230,230,120,120,2,0,4,0,2,0,4,0,-10,-20,25,150,-1,300

BAA,1,1,280,320,5,1,710,300,-11,1,1000,200,-5,1,1600,800,3,1,2300,600,3,1,3700,1200,-13,1,5600,2200,6,1,7500,2000,7,1,8000,5000,2,1,10500,2000,-7
BAB,1,1,280,320,5,1,710,300,-11,1,1000,200,-5,1,1600,800,3,1,2300,600,3,1,3700,1200,-13,1,5600,2200,6,1,7500,2000,7,1,8000,5000,2,1,10500,2000,-7
BAC,1,1,280,320,4,1,710,300,-10,1,1000,200,-4,1,1600,800,3,1,2300,600,3,1,3800,1200,-12,1,5600,2200,5,1,7500,2000,6,1,8000,5000,1,1,10500,2000,-8
BAD,1,1,280,320,4,1,710,300,-10,1,1000,200,-4,1,1600,800,3,1,2300,600,3,1,3800,1200,-11,1,5600,2200,4,1,7500,2000,5,1,8000,5000,1,1,10500,2000,-9
BAE,1,1,280,320,3,1,710,300,-10,1,1000,200,-4,1,1600,800,3,1,2300,600,3,1,3800,1200,-10,1,5600,2200,3,1,7500,2000,4,1,8000,5000,0,1,10500,2000,-10

BBA,1,1,280,320,5,1,710,300,-11,1,1000,200,-5,1,1600,800,3,1,2300,600,3,1,3700,1200,-13,1,5600,2200,6,1,7500,2000,7,1,8000,5000,2,1,10500,2000,-7
BBB,1,1,280,320,5,1,710,300,-11,1,1000,200,-5,1,1600,800,3,1,2300,600,3,1,3700,1200,-13,1,5600,2200,6,1,7500,2000,7,1,8000,5000,2,1,10500,2000,-7
BBC,1,1,280,320,4,1,710,300,-10,1,1000,200,-4,1,1600,800,3,1,2300,600,3,1,3800,1200,-12,1,5600,2200,5,1,7500,2000,6,1,8000,5000,1,1,10500,2000,-8
BBD,1,1,280,320,4,1,710,300,-10,1,1000,200,-4,1,1600,800,3,1,2300,600,3,1,3800,1200,-11,1,5600,2200,4,1,7500,2000,5,1,8000,5000,1,1,10500,2000,-9
BBE,1,1,280,320,3,1,710,300,-10,1,1000,200,-4,1,1600,800,3,1,2300,600,3,1,3800,1200,-10,1,5600,2200,3,1,7500,2000,4,1,8000,5000,0,1,10500,2000,-10

BCA,1,1,280,320,5,1,710,300,-11,1,1000,200,-5,1,1600,800,3,1,2300,600,3,1,3700,1200,-13,1,5600,2200,6,1,7500,2000,7,1,8000,5000,2,1,10500,2000,-7
BCB,1,1,280,320,5,1,710,300,-11,1,1000,200,-5,1,1600,800,3,1,2300,600,3,1,3700,1200,-13,1,5600,2200,6,1,7500,2000,7,1,8000,5000,2,1,10500,2000,-7
BCC,1,1,280,320,4,1,710,300,-10,1,1000,200,-4,1,1600,800,3,1,2300,600,3,1,3800,1200,-12,1,5600,2200,5,1,7500,2000,6,1,8000,5000,1,1,10500,2000,-8
BCD,1,1,280,320,4,1,710,300,-10,1,1000,200,-4,1,1600,800,3,1,2300,600,3,1,3800,1200,-11,1,5600,2200,4,1,7500,2000,5,1,8000,5000,1,1,10500,2000,-9
BCE,1,1,280,320,3,1,710,300,-10,1,1000,200,-4,1,1600,800,3,1,2300,600,3,1,3800,1200,-10,1,5600,2200,3,1,7500,2000,4,1,8000,5000,0,1,10500,2000,-10

BDA,1,1,280,320,5,1,710,300,-11,1,1000,200,-5,1,1600,800,3,1,2300,600,3,1,3700,1200,-13,1,5600,2200,6,1,7500,2000,7,1,8000,5000,2,1,10500,2000,-7
BDB,1,1,280,320,5,1,710,300,-11,1,1000,200,-5,1,1600,800,3,1,2300,600,3,1,3700,1200,-13,1,5600,2200,6,1,7500,2000,7,1,8000,5000,2,1,10500,2000,-7
BDC,1,1,280,320,4,1,710,300,-10,1,1000,200,-4,1,1600,800,3,1,2300,600,3,1,3800,1200,-12,1,5600,2200,5,1,7500,2000,6,1,8000,5000,1,1,10500,2000,-8
BDD,1,1,280,320,4,1,710,300,-10,1,1000,200,-4,1,1600,800,3,1,2300,600,3,1,3800,1200,-11,1,5600,2200,4,1,7500,2000,5,1,8000,5000,1,1,10500,2000,-9
BDE,1,1,280,320,3,1,710,300,-10,1,1000,200,-4,1,1600,800,3,1,2300,600,3,1,3800,1200,-10,1,5600,2200,3,1,7500,2000,4,1,8000,5000,0,1,10500,2000,-10

CF,1,7,6,3,3,2,0,0,-2,-10,-12,-13,-13,-7,-7,-6,-6,10,20,25,25,25,25,25,25,150,150,150,150,150,150,150,150,0,10,3,1,10,-1,100,150,0
CFH,1,140,1
CFA,0,0,800,1,0,0,800,1,0,0,800,1,0,0,800,1,0,0,800,1,0,0,800,1,0,0,800,1,0,0,800,1,0,0,800,1,0,0,800,1,0
CL,1,0,0,0,0,0,0,0,0,0,0,0,0,0,0,0,0,0,0,0,0,0,0,0,0,0,0,0,0,0,0,0,0,0,0,0,0,0,0,0,0,0,0,0,0,0,0,0,0,0,0,1,0,0,0,0,0,0,0,0,0,0,0,0,0,0,0,0,0,0,0,0,0,0,0,100
CLH,1,140,1
CLA,0,0,800,1,0,0,800,1,0,0,800,1,0,0,800,1,0,0,800,1,0,0,800,1,0,0,800,1,0,0,800,1,0,0,800,1,0,0,800,1,0
CHA,1,140,1
CHB,1,140,1
CHC,1,140,1
CHD,1,140,1
CHE,1,140,1

CMA,0,0,0,0,0,0,0,0,0,0,0,0,0,0,0,0,0,0,0,0,0,0,0,0,0,0,0,0,0,0,0,0,0,0,0,0,0,0,0,0,0,0,0,0,0,0,0,0,0,0,0,0,0,0,0,0,0,0,0,0,0,0,0,0,0,0,0,0,0,0,0,0,0,0,0,100
CMB,1,1,0,0,0,0,0,0,0,0,0,0,0,0,0,0,0,0,0,0,0,0,0,0,0,0,0,0,0,0,0,0,0,0,0,0,0,0,0,0,0,0,0,0,0,0,0,0,0,0,0,0,1,0,0,0,0,0,0,0,0,0,0,0,0,0,0,0,0,0,0,0,0,0,0,100
CMC,2,1,0,0,0,0,0,0,0,0,0,0,0,0,0,0,0,0,0,0,0,0,0,0,0,0,0,0,0,0,0,0,0,0,0,0,0,0,0,0,0,0,0,0,0,0,0,0,0,0,0,0,1,0,0,0,0,0,0,0,0,0,0,0,0,0,0,0,0,0,0,0,0,0,0,100
CMD,3,1,0,0,0,0,0,0,0,0,0,0,0,0,0,0,0,0,0,0,0,0,0,0,0,0,0,0,0,0,0,0,0,0,0,0,0,0,0,0,0,0,0,0,0,0,0,0,0,0,0,0,1,0,0,0,0,0,0,0,0,0,0,0,0,0,0,0,0,0,0,0,0,0,0,100
CME,4,1,0,0,0,0,0,0,0,0,0,0,0,0,0,0,0,0,0,0,0,0,0,0,0,0,0,0,0,0,0,0,0,0,0,0,0,0,0,0,0,0,0,0,0,0,0,0,0,0,0,0,1,0,0,0,0,0,0,0,0,0,0,0,0,0,0,0,0,0,0,0,0,0,0,100

CPA,0,1,0,0,0,0,0,0,0,0,0,0,0,0,0,0,0,0,0,0,0,0,0,0,0,0,0,0,0,0,0,0,0,0,0,0,0,0,0,0,0,0,0,0,0,0,0,0,0,0,0,0,1,0,0,0,0,0,0,0,0,0,0,0,0,0,0,0,0,0,0,0,0,0,0,100
CPB,1,1,0,0,0,0,0,0,0,0,0,0,0,0,0,0,0,0,0,0,0,0,0,0,0,0,0,0,0,0,0,0,0,0,0,0,0,0,0,0,0,0,0,0,0,0,0,0,0,0,0,0,1,0,0,0,0,0,0,0,0,0,0,0,0,0,0,0,0,0,0,0,0,0,0,100
CPC,2,1,0,0,0,0,0,0,0,0,0,0,0,0,0,0,0,0,0,0,0,0,0,0,0,0,0,0,0,0,0,0,0,0,0,0,0,0,0,0,0,0,0,0,0,0,0,0,0,0,0,0,1,0,0,0,0,0,0,0,0,0,0,0,0,0,0,0,0,0,0,0,0,0,0,100
CPD,3,1,0,0,0,0,0,0,0,0,0,0,0,0,0,0,0,0,0,0,0,0,0,0,0,0,0,0,0,0,0,0,0,0,0,0,0,0,0,0,0,0,0,0,0,0,0,0,0,0,0,0,1,0,0,0,0,0,0,0,0,0,0,0,0,0,0,0,0,0,0,0,0,0,0,100
CPE,4,1,0,0,0,0,0,0,0,0,0,0,0,0,0,0,0,0,0,0,0,0,0,0,0,0,0,0,0,0,0,0,0,0,0,0,0,0,0,0,0,0,0,0,0,0,0,0,0,0,0,0,1,0,0,0,0,0,0,0,0,0,0,0,0,0,0,0,0,0,0,0,0,0,0,100

CVA,0,1,0,0,0,0,0,0,0,0,0,0,0,0,0,0,0,0,0,0,0,0,0,0,0,0,0,0,0,0,0,0,0,0,0,0,0,0,0,0,0,0,0,0,0,0,0,0,0,0,0,0,1,0,0,0,0,0,0,0,0,0,0,0,0,0,0,0,0,0,0,0,0,0,0,100
CVB,1,1,0,0,0,0,0,0,0,0,0,0,0,0,0,0,0,0,0,0,0,0,0,0,0,0,0,0,0,0,0,0,0,0,0,0,0,0,0,0,0,0,0,0,0,0,0,0,0,0,0,0,1,0,0,0,0,0,0,0,0,0,0,0,0,0,0,0,0,0,0,0,0,0,0,100
CVC,2,1,0,0,0,0,0,0,0,0,0,0,0,0,0,0,0,0,0,0,0,0,0,0,0,0,0,0,0,0,0,0,0,0,0,0,0,0,0,0,0,0,0,0,0,0,0,0,0,0,0,0,1,0,0,0,0,0,0,0,0,0,0,0,0,0,0,0,0,0,0,0,0,0,0,100
CVD,3,1,0,0,0,0,0,0,0,0,0,0,0,0,0,0,0,0,0,0,0,0,0,0,0,0,0,0,0,0,0,0,0,0,0,0,0,0,0,0,0,0,0,0,0,0,0,0,0,0,0,0,1,0,0,0,0,0,0,0,0,0,0,0,0,0,0,0,0,0,0,0,0,0,0,100
CVE,4,1,0,0,0,0,0,0,0,0,0,0,0,0,0,0,0,0,0,0,0,0,0,0,0,0,0,0,0,0,0,0,0,0,0,0,0,0,0,0,0,0,0,0,0,0,0,0,0,0,0,0,1,0,0,0,0,0,0,0,0,0,0,0,0,0,0,0,0,0,0,0,0,0,0,100

CKA,0,1,0,0,0,0,0,0,0,0,0,0,0,0,0,0,0,0,0,0,0,0,0,0,0,0,0,0,0,0,0,0,0,0,0,0,0,0,0,0,0,0,0,0,0,0,0,0,0,0,0,0,1,0,0,0,0,0,0,0,0,0,0,0,0,0,0,0,0,0,0,0,0,0,0,100
CKB,1,1,0,0,0,0,0,0,0,0,0,0,0,0,0,0,0,0,0,0,0,0,0,0,0,0,0,0,0,0,0,0,0,0,0,0,0,0,0,0,0,0,0,0,0,0,0,0,0,0,0,0,1,0,0,0,0,0,0,0,0,0,0,0,0,0,0,0,0,0,0,0,0,0,0,100
CKC,2,1,0,0,0,0,0,0,0,0,0,0,0,0,0,0,0,0,0,0,0,0,0,0,0,0,0,0,0,0,0,0,0,0,0,0,0,0,0,0,0,0,0,0,0,0,0,0,0,0,0,0,1,0,0,0,0,0,0,0,0,0,0,0,0,0,0,0,0,0,0,0,0,0,0,100
CKD,3,1,0,0,0,0,0,0,0,0,0,0,0,0,0,0,0,0,0,0,0,0,0,0,0,0,0,0,0,0,0,0,0,0,0,0,0,0,0,0,0,0,0,0,0,0,0,0,0,0,0,0,1,0,0,0,0,0,0,0,0,0,0,0,0,0,0,0,0,0,0,0,0,0,0,100
CKE,4,1,0,0,0,0,0,0,0,0,0,0,0,0,0,0,0,0,0,0,0,0,0,0,0,0,0,0,0,0,0,0,0,0,0,0,0,0,0,0,0,0,0,0,0,0,0,0,0,0,0,0,1,0,0,0,0,0,0,0,0,0,0,0,0,0,0,0,0,0,0,0,0,0,0,100

CAA,0,0,800,200,0,0,800,200,0,0,800,200,0,0,800,200,0,0,800,200,0,0,800,200,0,0,800,200,0,0,800,200,0,0,800,200,0,0,800,200,0
CAB,0,0,800,200,0,0,800,200,0,0,800,200,0,0,800,200,0,0,800,200,0,0,800,200,0,0,800,200,0,0,800,200,0,0,800,200,0,0,800,200,0
CAC,0,0,800,200,0,0,800,200,0,0,800,200,0,0,800,200,0,0,800,200,0,0,800,200,0,0,800,200,0,0,800,200,0,0,800,200,0,0,800,200,0
CAD,0,0,800,200,0,0,800,200,0,0,800,200,0,0,800,200,0,0,800,200,0,0,800,200,0,0,800,200,0,0,800,200,0,0,800,200,0,0,800,200,0
CAE,0,0,800,200,0,0,800,200,0,0,800,200,0,0,800,200,0,0,800,200,0,0,800,200,0,0,800,200,0,0,800,200,0,0,800,200,0,0,800,200,0

CBA,0,0,800,200,0,0,800,200,0,0,800,200,0,0,800,200,0,0,800,200,0,0,800,200,0,0,800,200,0,0,800,200,0,0,800,200,0,0,800,200,0
CBB,0,0,800,200,0,0,800,200,0,0,800,200,0,0,800,200,0,0,800,200,0,0,800,200,0,0,800,200,0,0,800,200,0,0,800,200,0,0,800,200,0
CBC,0,0,800,200,0,0,800,200,0,0,800,200,0,0,800,200,0,0,800,200,0,0,800,200,0,0,800,200,0,0,800,200,0,0,800,200,0,0,800,200,0
CBD,0,0,800,200,0,0,800,200,0,0,800,200,0,0,800,200,0,0,800,200,0,0,800,200,0,0,800,200,0,0,800,200,0,0,800,200,0,0,800,200,0
CBE,0,0,800,200,0,0,800,200,0,0,800,200,0,0,800,200,0,0,800,200,0,0,800,200,0,0,800,200,0,0,800,200,0,0,800,200,0,0,800,200,0

CCA,0,0,800,200,0,0,800,200,0,0,800,200,0,0,800,200,0,0,800,200,0,0,800,200,0,0,800,200,0,0,800,200,0,0,800,200,0,0,800,200,0
CCB,0,0,800,200,0,0,800,200,0,0,800,200,0,0,800,200,0,0,800,200,0,0,800,200,0,0,800,200,0,0,800,200,0,0,800,200,0,0,800,200,0
CCC,0,0,800,200,0,0,800,200,0,0,800,200,0,0,800,200,0,0,800,200,0,0,800,200,0,0,800,200,0,0,800,200,0,0,800,200,0,0,800,200,0
CCD,0,0,800,200,0,0,800,200,0,0,800,200,0,0,800,200,0,0,800,200,0,0,800,200,0,0,800,200,0,0,800,200,0,0,800,200,0,0,800,200,0
CCE,0,0,800,200,0,0,800,200,0,0,800,200,0,0,800,200,0,0,800,200,0,0,800,200,0,0,800,200,0,0,800,200,0,0,800,200,0,0,800,200,0

CDA,0,0,800,200,0,0,800,200,0,0,800,200,0,0,800,200,0,0,800,200,0,0,800,200,0,0,800,200,0,0,800,200,0,0,800,200,0,0,800,200,0
CDB,0,0,800,200,0,0,800,200,0,0,800,200,0,0,800,200,0,0,800,200,0,0,800,200,0,0,800,200,0,0,800,200,0,0,800,200,0,0,800,200,0
CDC,0,0,800,200,0,0,800,200,0,0,800,200,0,0,800,200,0,0,800,200,0,0,800,200,0,0,800,200,0,0,800,200,0,0,800,200,0,0,800,200,0
CDD,0,0,800,200,0,0,800,200,0,0,800,200,0,0,800,200,0,0,800,200,0,0,800,200,0,0,800,200,0,0,800,200,0,0,800,200,0,0,800,200,0
CDE,0,0,800,200,0,0,800,200,0,0,800,200,0,0,800,200,0,0,800,200,0,0,800,200,0,0,800,200,0,0,800,200,0,0,800,200,0,0,800,200,0

DF,1,7,6,3,3,2,0,0,-2,-10,-12,-13,-13,-7,-7,-6,-6,10,20,25,25,25,25,25,25,150,150,150,150,150,150,150,150,0,10,3,1,10,-1,100,150,0
DFH,1,140,1
DFA,0,0,800,1,0,0,800,1,0,0,800,1,0,0,800,1,0,0,800,1,0,0,800,1,0,0,800,1,0,0,800,1,0,0,800,1,0,0,800,1,0
DL,1,0,0,0,0,0,0,0,0,0,0,0,0,0,0,0,0,0,0,0,0,0,0,0,0,0,0,0,0,0,0,0,0,0,0,0,0,0,0,0,0,0,0,0,0,0,0,0,0,0,0,1,0,0,0,0,0,0,0,0,0,0,0,0,0,0,0,0,0,0,0,0,0,0,0,100
DLH,1,140,1
DLA,0,0,800,1,0,0,800,1,0,0,800,1,0,0,800,1,0,0,800,1,0,0,800,1,0,0,800,1,0,0,800,1,0,0,800,1,0,0,800,1,0
DHA,1,140,1
DHB,1,140,1
DHC,1,140,1
DHD,1,140,1
DHE,1,140,1

DMA,0,0,0,0,0,0,0,0,0,0,0,0,0,0,0,0,0,0,0,0,0,0,0,0,0,0,0,0,0,0,0,0,0,0,0,0,0,0,0,0,0,0,0,0,0,0,0,0,0,0,0,0,0,0,0,0,0,0,0,0,0,0,0,0,0,0,0,0,0,0,0,0,0,0,0,100
DMB,1,1,0,0,0,0,0,0,0,0,0,0,0,0,0,0,0,0,0,0,0,0,0,0,0,0,0,0,0,0,0,0,0,0,0,0,0,0,0,0,0,0,0,0,0,0,0,0,0,0,0,0,1,0,0,0,0,0,0,0,0,0,0,0,0,0,0,0,0,0,0,0,0,0,0,100
DMC,2,1,0,0,0,0,0,0,0,0,0,0,0,0,0,0,0,0,0,0,0,0,0,0,0,0,0,0,0,0,0,0,0,0,0,0,0,0,0,0,0,0,0,0,0,0,0,0,0,0,0,0,1,0,0,0,0,0,0,0,0,0,0,0,0,0,0,0,0,0,0,0,0,0,0,100
DMD,3,1,0,0,0,0,0,0,0,0,0,0,0,0,0,0,0,0,0,0,0,0,0,0,0,0,0,0,0,0,0,0,0,0,0,0,0,0,0,0,0,0,0,0,0,0,0,0,0,0,0,0,1,0,0,0,0,0,0,0,0,0,0,0,0,0,0,0,0,0,0,0,0,0,0,100
DME,4,1,0,0,0,0,0,0,0,0,0,0,0,0,0,0,0,0,0,0,0,0,0,0,0,0,0,0,0,0,0,0,0,0,0,0,0,0,0,0,0,0,0,0,0,0,0,0,0,0,0,0,1,0,0,0,0,0,0,0,0,0,0,0,0,0,0,0,0,0,0,0,0,0,0,100

DPA,0,1,0,0,0,0,0,0,0,0,0,0,0,0,0,0,0,0,0,0,0,0,0,0,0,0,0,0,0,0,0,0,0,0,0,0,0,0,0,0,0,0,0,0,0,0,0,0,0,0,0,0,1,0,0,0,0,0,0,0,0,0,0,0,0,0,0,0,0,0,0,0,0,0,0,100
DPB,1,1,0,0,0,0,0,0,0,0,0,0,0,0,0,0,0,0,0,0,0,0,0,0,0,0,0,0,0,0,0,0,0,0,0,0,0,0,0,0,0,0,0,0,0,0,0,0,0,0,0,0,1,0,0,0,0,0,0,0,0,0,0,0,0,0,0,0,0,0,0,0,0,0,0,100
DPC,2,1,0,0,0,0,0,0,0,0,0,0,0,0,0,0,0,0,0,0,0,0,0,0,0,0,0,0,0,0,0,0,0,0,0,0,0,0,0,0,0,0,0,0,0,0,0,0,0,0,0,0,1,0,0,0,0,0,0,0,0,0,0,0,0,0,0,0,0,0,0,0,0,0,0,100
DPD,3,1,0,0,0,0,0,0,0,0,0,0,0,0,0,0,0,0,0,0,0,0,0,0,0,0,0,0,0,0,0,0,0,0,0,0,0,0,0,0,0,0,0,0,0,0,0,0,0,0,0,0,1,0,0,0,0,0,0,0,0,0,0,0,0,0,0,0,0,0,0,0,0,0,0,100
DPE,4,1,0,0,0,0,0,0,0,0,0,0,0,0,0,0,0,0,0,0,0,0,0,0,0,0,0,0,0,0,0,0,0,0,0,0,0,0,0,0,0,0,0,0,0,0,0,0,0,0,0,0,1,0,0,0,0,0,0,0,0,0,0,0,0,0,0,0,0,0,0,0,0,0,0,100

DVA,0,1,0,0,0,0,0,0,0,0,0,0,0,0,0,0,0,0,0,0,0,0,0,0,0,0,0,0,0,0,0,0,0,0,0,0,0,0,0,0,0,0,0,0,0,0,0,0,0,0,0,0,1,0,0,0,0,0,0,0,0,0,0,0,0,0,0,0,0,0,0,0,0,0,0,100
DVB,1,1,0,0,0,0,0,0,0,0,0,0,0,0,0,0,0,0,0,0,0,0,0,0,0,0,0,0,0,0,0,0,0,0,0,0,0,0,0,0,0,0,0,0,0,0,0,0,0,0,0,0,1,0,0,0,0,0,0,0,0,0,0,0,0,0,0,0,0,0,0,0,0,0,0,100
DVC,2,1,0,0,0,0,0,0,0,0,0,0,0,0,0,0,0,0,0,0,0,0,0,0,0,0,0,0,0,0,0,0,0,0,0,0,0,0,0,0,0,0,0,0,0,0,0,0,0,0,0,0,1,0,0,0,0,0,0,0,0,0,0,0,0,0,0,0,0,0,0,0,0,0,0,100
DVD,3,1,0,0,0,0,0,0,0,0,0,0,0,0,0,0,0,0,0,0,0,0,0,0,0,0,0,0,0,0,0,0,0,0,0,0,0,0,0,0,0,0,0,0,0,0,0,0,0,0,0,0,1,0,0,0,0,0,0,0,0,0,0,0,0,0,0,0,0,0,0,0,0,0,0,100
DVE,4,1,0,0,0,0,0,0,0,0,0,0,0,0,0,0,0,0,0,0,0,0,0,0,0,0,0,0,0,0,0,0,0,0,0,0,0,0,0,0,0,0,0,0,0,0,0,0,0,0,0,0,1,0,0,0,0,0,0,0,0,0,0,0,0,0,0,0,0,0,0,0,0,0,0,100

DKA,0,1,0,0,0,0,0,0,0,0,0,0,0,0,0,0,0,0,0,0,0,0,0,0,0,0,0,0,0,0,0,0,0,0,0,0,0,0,0,0,0,0,0,0,0,0,0,0,0,0,0,0,1,0,0,0,0,0,0,0,0,0,0,0,0,0,0,0,0,0,0,0,0,0,0,100
DKB,1,1,0,0,0,0,0,0,0,0,0,0,0,0,0,0,0,0,0,0,0,0,0,0,0,0,0,0,0,0,0,0,0,0,0,0,0,0,0,0,0,0,0,0,0,0,0,0,0,0,0,0,1,0,0,0,0,0,0,0,0,0,0,0,0,0,0,0,0,0,0,0,0,0,0,100
DKC,2,1,0,0,0,0,0,0,0,0,0,0,0,0,0,0,0,0,0,0,0,0,0,0,0,0,0,0,0,0,0,0,0,0,0,0,0,0,0,0,0,0,0,0,0,0,0,0,0,0,0,0,1,0,0,0,0,0,0,0,0,0,0,0,0,0,0,0,0,0,0,0,0,0,0,100
DKD,3,1,0,0,0,0,0,0,0,0,0,0,0,0,0,0,0,0,0,0,0,0,0,0,0,0,0,0,0,0,0,0,0,0,0,0,0,0,0,0,0,0,0,0,0,0,0,0,0,0,0,0,1,0,0,0,0,0,0,0,0,0,0,0,0,0,0,0,0,0,0,0,0,0,0,100
DKE,4,1,0,0,0,0,0,0,0,0,0,0,0,0,0,0,0,0,0,0,0,0,0,0,0,0,0,0,0,0,0,0,0,0,0,0,0,0,0,0,0,0,0,0,0,0,0,0,0,0,0,0,1,0,0,0,0,0,0,0,0,0,0,0,0,0,0,0,0,0,0,0,0,0,0,100

DAA,0,0,800,200,0,0,800,200,0,0,800,200,0,0,800,200,0,0,800,200,0,0,800,200,0,0,800,200,0,0,800,200,0,0,800,200,0,0,800,200,0
DAB,0,0,800,200,0,0,800,200,0,0,800,200,0,0,800,200,0,0,800,200,0,0,800,200,0,0,800,200,0,0,800,200,0,0,800,200,0,0,800,200,0
DAC,0,0,800,200,0,0,800,200,0,0,800,200,0,0,800,200,0,0,800,200,0,0,800,200,0,0,800,200,0,0,800,200,0,0,800,200,0,0,800,200,0
DAD,0,0,800,200,0,0,800,200,0,0,800,200,0,0,800,200,0,0,800,200,0,0,800,200,0,0,800,200,0,0,800,200,0,0,800,200,0,0,800,200,0
DAE,0,0,800,200,0,0,800,200,0,0,800,200,0,0,800,200,0,0,800,200,0,0,800,200,0,0,800,200,0,0,800,200,0,0,800,200,0,0,800,200,0

DBA,0,0,800,200,0,0,800,200,0,0,800,200,0,0,800,200,0,0,800,200,0,0,800,200,0,0,800,200,0,0,800,200,0,0,800,200,0,0,800,200,0
DBB,0,0,800,200,0,0,800,200,0,0,800,200,0,0,800,200,0,0,800,200,0,0,800,200,0,0,800,200,0,0,800,200,0,0,800,200,0,0,800,200,0
DBC,0,0,800,200,0,0,800,200,0,0,800,200,0,0,800,200,0,0,800,200,0,0,800,200,0,0,800,200,0,0,800,200,0,0,800,200,0,0,800,200,0
DBD,0,0,800,200,0,0,800,200,0,0,800,200,0,0,800,200,0,0,800,200,0,0,800,200,0,0,800,200,0,0,800,200,0,0,800,200,0,0,800,200,0
DBE,0,0,800,200,0,0,800,200,0,0,800,200,0,0,800,200,0,0,800,200,0,0,800,200,0,0,800,200,0,0,800,200,0,0,800,200,0,0,800,200,0

DCA,0,0,800,200,0,0,800,200,0,0,800,200,0,0,800,200,0,0,800,200,0,0,800,200,0,0,800,200,0,0,800,200,0,0,800,200,0,0,800,200,0
DCB,0,0,800,200,0,0,800,200,0,0,800,200,0,0,800,200,0,0,800,200,0,0,800,200,0,0,800,200,0,0,800,200,0,0,800,200,0,0,800,200,0
DCC,0,0,800,200,0,0,800,200,0,0,800,200,0,0,800,200,0,0,800,200,0,0,800,200,0,0,800,200,0,0,800,200,0,0,800,200,0,0,800,200,0
DCD,0,0,800,200,0,0,800,200,0,0,800,200,0,0,800,200,0,0,800,200,0,0,800,200,0,0,800,200,0,0,800,200,0,0,800,200,0,0,800,200,0
DCE,0,0,800,200,0,0,800,200,0,0,800,200,0,0,800,200,0,0,800,200,0,0,800,200,0,0,800,200,0,0,800,200,0,0,800,200,0,0,800,200,0

DDA,0,0,800,200,0,0,800,200,0,0,800,200,0,0,800,200,0,0,800,200,0,0,800,200,0,0,800,200,0,0,800,200,0,0,800,200,0,0,800,200,0
DDB,0,0,800,200,0,0,800,200,0,0,800,200,0,0,800,200,0,0,800,200,0,0,800,200,0,0,800,200,0,0,800,200,0,0,800,200,0,0,800,200,0
DDC,0,0,800,200,0,0,800,200,0,0,800,200,0,0,800,200,0,0,800,200,0,0,800,200,0,0,800,200,0,0,800,200,0,0,800,200,0,0,800,200,0
DDD,0,0,800,200,0,0,800,200,0,0,800,200,0,0,800,200,0,0,800,200,0,0,800,200,0,0,800,200,0,0,800,200,0,0,800,200,0,0,800,200,0
DDE,0,0,800,200,0,0,800,200,0,0,800,200,0,0,800,200,0,0,800,200,0,0,800,200,0,0,800,200,0,0,800,200,0,0,800,200,0,0,800,200,0

